 298.61373827904799 306.15354405492832 312.88142305624859 318.06922321226671 320.93345243536163 320.93345243536163 318.06922321226671 312.88142305624859 306.15354405492832 298.61373827904799
 306.15354405492832 315.39319985736756 324.01597739544889 331.00282143837114 335.02774365619484 335.02774365619484 331.00282143837114 324.01597739544889 315.39319985736756 306.15354405492832
 312.88142305624859 324.01597739544889 335.02774365619484 344.65847141349377 350.66193784420341 350.66193784420341 344.65847141349371 335.02774365619484 324.01597739544889 312.88142305624859
 318.06922321226671 331.00282143837114 344.65847141349377 358.00317158566929 367.77692577816345 367.77692577816345 358.00317158566929 344.65847141349377 331.00282143837114 318.06922321226671
 320.93345243536163 335.02774365619484 350.66193784420341 367.77692577816345 384.88794639637808 384.88794639637808 367.77692577816345 350.66193784420341 335.02774365619484 320.93345243536163
 320.93345243536163 335.02774365619484 350.66193784420341 367.77692577816345 384.88794639637808 384.88794639637808 367.77692577816345 350.66193784420341 335.02774365619484 320.93345243536163
 318.06922321226671 331.00282143837114 344.65847141349371 358.00317158566929 367.77692577816345 367.77692577816345 358.00317158566924 344.65847141349371 331.00282143837114 318.06922321226671
 312.88142305624859 324.01597739544889 335.02774365619484 344.65847141349377 350.66193784420341 350.66193784420341 344.65847141349371 335.02774365619484 324.01597739544889 312.88142305624859
 306.15354405492832 315.39319985736756 324.01597739544889 331.00282143837114 335.02774365619484 335.02774365619484 331.00282143837114 324.01597739544889 315.39319985736756 306.15354405492832
 298.61373827904799 306.15354405492832 312.88142305624859 318.06922321226671 320.93345243536163 320.93345243536163 318.06922321226671 312.88142305624859 306.15354405492832 298.61373827904799


